Solution file for: ./examples/cnlp.txt

Optimum : -1.004785 {Convergence : 54%}
	x   = -0.9827;
	y   = -1.7445;

Optimum : -1.004785 {Convergence : 45%}
	x   = -0.9827;
	y   =  1.7445;

